time	V(vin)
0.000000000000000e+000	0.000000e+000
9.999999824516700e-015	5.000000e-002
1.685921870392975e-014	8.429609e-002
3.057765646275585e-014	1.528883e-001
5.191314399808812e-014	2.595657e-001
7.229948971552969e-014	3.614975e-001
9.965502908948692e-014	4.982751e-001
1.352615166015953e-013	6.763076e-001
1.963969514625399e-013	9.819847e-001
2.310828745540578e-013	1.155414e+000
2.613469450818055e-013	1.306735e+000
2.957074191515778e-013	1.478537e+000
3.263629383704649e-013	1.631815e+000
3.854807280378771e-013	1.927404e+000
4.277077206574572e-013	2.138539e+000
4.445985177052893e-013	2.222993e+000
5.037163073727014e-013	2.518582e+000
5.507692420059478e-013	2.753846e+000
5.978221766391942e-013	2.989111e+000
6.448751112724405e-013	3.224376e+000
6.919280459056869e-013	3.459640e+000
7.389809805389334e-013	3.694905e+000
7.860339151721798e-013	3.930170e+000
8.330868498054261e-013	4.165434e+000
9.130687832471599e-013	4.565344e+000
9.379062737479713e-013	4.689531e+000
1.000000000000000e-012	5.000000e+000
1.001436122025372e-012	5.000000e+000
1.004308366076116e-012	5.000000e+000
1.010052854177603e-012	5.000000e+000
1.021541830380578e-012	5.000000e+000
1.036070558159283e-012	5.000000e+000
1.061647168374290e-012	5.000000e+000
1.095142332142294e-012	5.000000e+000
1.154225959767602e-012	5.000000e+000
1.233807678195531e-012	5.000000e+000
1.370065768053224e-012	5.000000e+000
1.557337287421568e-012	5.000000e+000
1.872978925210541e-012	5.000000e+000
2.315445669820737e-012	5.000000e+000
3.050409990525466e-012	5.000000e+000
4.090065751569144e-012	5.000000e+000
5.777159099632357e-012	5.000000e+000
8.183424279876420e-012	5.000000e+000
1.203853962097703e-011	5.000000e+000
1.757381850729827e-011	5.000000e+000
2.631686062877241e-011	5.000000e+000
3.891316102783862e-011	5.000000e+000
5.855594516367677e-011	5.000000e+000
8.687638047285800e-011	5.000000e+000
1.304168869574858e-010	5.000000e+000
1.929652155092753e-010	5.000000e+000
2.874449801967992e-010	5.000000e+000
4.214723614059738e-010	5.000000e+000
6.546728061419346e-010	5.000000e+000
1.029067408850680e-009	5.000000e+000
1.656342090548041e-009	5.000000e+000
2.635916045242073e-009	5.000000e+000
3.842874315796191e-009	5.000000e+000
5.279136823944557e-009	5.000000e+000
7.155264474771096e-009	5.000000e+000
1.006867367015367e-008	5.000000e+000
1.563889246181356e-008	5.000000e+000
2.677933004513335e-008	5.000000e+000
4.906020521177292e-008	5.000000e+000
9.362195554505208e-008	5.000000e+000
6.734100396021507e-007	5.000000e+000
2.647540818164611e-006	5.000000e+000
5.279715189581224e-006	5.000000e+000
5.361970638687993e-006	5.000000e+000
5.526481536901531e-006	5.000000e+000
5.855503333328608e-006	5.000000e+000
6.513546926182762e-006	5.000000e+000
7.829634111891069e-006	5.000000e+000
1.285235898183277e-005	5.000000e+000
3.157747714519961e-005	5.000000e+000
5.654430136302207e-005	5.000000e+000
1.064779497986670e-004	5.000000e+000
2.063452466699568e-004	5.000000e+000
2.188452466699568e-004	5.000000e+000
2.438452466699568e-004	5.000000e+000
2.485605082855813e-004	5.000000e+000
2.579910315168304e-004	5.000000e+000
2.768520779793285e-004	5.000000e+000
2.998286844412495e-004	5.000000e+000
3.370229396834723e-004	5.000000e+000
4.114114501679178e-004	5.000000e+000
5.114114501679177e-004	5.000000e+000
9.000000010000000e-004	5.000000e+000
1.000000001000000e-003	5.000000e+000
1.000000001100000e-003	4.500000e+000
1.000000001101732e-003	4.491343e+000
1.000000001105194e-003	4.474029e+000
1.000000001112120e-003	4.439401e+000
1.000000001125971e-003	4.370143e+000
1.000000001153674e-003	4.231631e+000
1.000000001209079e-003	3.954607e+000
1.000000001260514e-003	3.697429e+000
1.000000001267405e-003	3.662976e+000
1.000000001281186e-003	3.594070e+000
1.000000001308748e-003	3.456261e+000
1.000000001342923e-003	3.285383e+000
1.000000001350429e-003	3.247853e+000
1.000000001365442e-003	3.172791e+000
1.000000001395466e-003	3.022669e+000
1.000000001455516e-003	2.722422e+000
1.000000001470528e-003	2.647360e+000
1.000000001500553e-003	2.497237e+000
1.000000001560602e-003	2.196990e+000
1.000000001680701e-003	1.596498e+000
1.000000001710725e-003	1.446374e+000
1.000000001770775e-003	1.146127e+000
1.000000001890873e-003	5.456352e-001
1.000000002000000e-003	0.000000e+000
1.000000002001855e-003	0.000000e+000
1.000000002005565e-003	0.000000e+000
1.000000002012985e-003	0.000000e+000
1.000000002027824e-003	0.000000e+000
1.000000002043439e-003	0.000000e+000
1.000000002074668e-003	0.000000e+000
1.000000002119720e-003	0.000000e+000
1.000000002200388e-003	0.000000e+000
1.000000002305978e-003	0.000000e+000
1.000000002488710e-003	0.000000e+000
1.000000002740515e-003	0.000000e+000
1.000000003169577e-003	0.000000e+000
1.000000003763347e-003	0.000000e+000
1.000000004749069e-003	0.000000e+000
1.000000006129961e-003	0.000000e+000
1.000000008381648e-003	0.000000e+000
1.000000011555874e-003	0.000000e+000
1.000000016631642e-003	0.000000e+000
1.000000023805720e-003	0.000000e+000
1.000000035057264e-003	0.000000e+000
1.000000050911611e-003	0.000000e+000
1.000000075232241e-003	0.000000e+000
1.000000108970371e-003	0.000000e+000
1.000000158044112e-003	0.000000e+000
1.000000222014750e-003	0.000000e+000
1.000000313757104e-003	0.000000e+000
1.000000429975187e-003	0.000000e+000
1.000000562498848e-003	0.000000e+000
1.000000718006383e-003	0.000000e+000
1.000000924499480e-003	0.000000e+000
1.000001215736653e-003	0.000000e+000
1.000001670978973e-003	0.000000e+000
1.000002407721253e-003	0.000000e+000
1.000003669996960e-003	0.000000e+000
1.000006053611506e-003	0.000000e+000
1.000010820840600e-003	0.000000e+000
1.000020355298788e-003	0.000000e+000
1.000034199906760e-003	0.000000e+000
1.000059330465456e-003	0.000000e+000
1.000109591582847e-003	0.000000e+000
1.000122156862195e-003	0.000000e+000
1.000147287420891e-003	0.000000e+000
1.000197548538282e-003	0.000000e+000
1.000288912447909e-003	0.000000e+000
1.000410016153838e-003	0.000000e+000
1.000652223565697e-003	0.000000e+000
1.001005331150340e-003	0.000000e+000
1.001566322602959e-003	0.000000e+000
1.002342614986772e-003	0.000000e+000
1.005390032149548e-003	0.000000e+000
1.012402594761555e-003	0.000000e+000
1.032498229144500e-003	0.000000e+000
1.058466108499120e-003	0.000000e+000
1.110401867208359e-003	0.000000e+000
1.222901867208359e-003	0.000000e+000
1.254151867208359e-003	0.000000e+000
1.266651867208359e-003	0.000000e+000
1.291651867208359e-003	0.000000e+000
1.317434619766189e-003	0.000000e+000
2.000000000000000e-003	0.000000e+000
2.000000000100000e-003	4.999981e-001
2.000000000300000e-003	1.500000e+000
2.000000000302777e-003	1.513884e+000
2.000000000308330e-003	1.541649e+000
2.000000000319437e-003	1.597183e+000
2.000000000341650e-003	1.708252e+000
2.000000000385245e-003	1.926224e+000
2.000000000422927e-003	2.114637e+000
2.000000000444460e-003	2.222300e+000
2.000000000498292e-003	2.491463e+000
2.000000000555201e-003	2.776005e+000
2.000000000612109e-003	3.060545e+000
2.000000000669017e-003	3.345087e+000
2.000000000725925e-003	3.629626e+000
2.000000000782834e-003	3.914169e+000
2.000000000839742e-003	4.198708e+000
2.000000000896650e-003	4.483250e+000
2.000000000939716e-003	4.698580e+000
2.000000001000000e-003	5.000000e+000
2.000000001001293e-003	5.000000e+000
2.000000001003879e-003	5.000000e+000
2.000000001009052e-003	5.000000e+000
2.000000001016322e-003	5.000000e+000
2.000000001024631e-003	5.000000e+000
2.000000001037812e-003	5.000000e+000
2.000000001056363e-003	5.000000e+000
2.000000001085138e-003	5.000000e+000
2.000000001123965e-003	5.000000e+000
2.000000001183049e-003	5.000000e+000
2.000000001264661e-003	5.000000e+000
2.000000001388391e-003	5.000000e+000
2.000000001560297e-003	5.000000e+000
2.000000001818561e-003	5.000000e+000
2.000000002180113e-003	5.000000e+000
2.000000002720404e-003	5.000000e+000
2.000000003481356e-003	5.000000e+000
2.000000004612806e-003	5.000000e+000
2.000000006214477e-003	5.000000e+000
2.000000008586700e-003	5.000000e+000
2.000000011959558e-003	5.000000e+000
2.000000016939294e-003	5.000000e+000
2.000000024046188e-003	5.000000e+000
2.000000034513229e-003	5.000000e+000
2.000000049479618e-003	5.000000e+000
2.000000071462264e-003	5.000000e+000
2.000000102947465e-003	5.000000e+000
2.000000149028525e-003	5.000000e+000
2.000000215014882e-003	5.000000e+000
2.000000310996229e-003	5.000000e+000
2.000000447524842e-003	5.000000e+000
2.000000651322822e-003	5.000000e+000
2.000000970980149e-003	5.000000e+000
2.000001444061392e-003	5.000000e+000
2.000002182727595e-003	5.000000e+000
2.000003130674949e-003	5.000000e+000
2.000004277472971e-003	5.000000e+000
2.000005662809029e-003	5.000000e+000
2.000007593154460e-003	5.000000e+000
2.000010739290353e-003	5.000000e+000
2.000016600081202e-003	5.000000e+000
2.000028321662900e-003	5.000000e+000
2.000051764826295e-003	5.000000e+000
2.000098651153086e-003	5.000000e+000
2.000754467392518e-003	5.000000e+000
2.001503463949889e-003	5.000000e+000
2.003001457064633e-003	5.000000e+000
2.003375955343319e-003	5.000000e+000
2.004124951900691e-003	5.000000e+000
2.005622945015435e-003	5.000000e+000
2.005940483106400e-003	5.000000e+000
2.006575559288331e-003	5.000000e+000
2.007845711652192e-003	5.000000e+000
2.009875730428851e-003	5.000000e+000
2.020208450740932e-003	5.000000e+000
2.033985411157039e-003	5.000000e+000
2.061539331989254e-003	5.000000e+000
2.116647173653683e-003	5.000000e+000
2.216647173653683e-003	5.000000e+000
2.229147173653683e-003	5.000000e+000
2.254147173653683e-003	5.000000e+000
2.258146579977017e-003	5.000000e+000
2.266145392623686e-003	5.000000e+000
2.282143017917024e-003	5.000000e+000
2.314138268503700e-003	5.000000e+000
2.943742463645899e-003	5.000000e+000
3.000000001000000e-003	5.000000e+000
3.000000001100000e-003	4.500000e+000
3.000000001103676e-003	4.481619e+000
3.000000001111029e-003	4.444853e+000
3.000000001125735e-003	4.371323e+000
3.000000001155148e-003	4.224262e+000
3.000000001199868e-003	4.000660e+000
3.000000001243626e-003	3.781872e+000
3.000000001289659e-003	3.551704e+000
3.000000001296872e-003	3.515638e+000
3.000000001311299e-003	3.443504e+000
3.000000001340153e-003	3.299236e+000
3.000000001347366e-003	3.263168e+000
3.000000001361793e-003	3.191034e+000
3.000000001390647e-003	3.046766e+000
3.000000001448354e-003	2.758230e+000
3.000000001462781e-003	2.686096e+000
3.000000001491635e-003	2.541828e+000
3.000000001549342e-003	2.253290e+000
3.000000001664757e-003	1.676218e+000
3.000000001693610e-003	1.531948e+000
3.000000001751318e-003	1.243412e+000
3.000000001866732e-003	6.663399e-001
3.000000002000000e-003	0.000000e+000
3.000000002005520e-003	0.000000e+000
3.000000002016560e-003	0.000000e+000
3.000000002038639e-003	0.000000e+000
3.000000002072033e-003	0.000000e+000
3.000000002108729e-003	0.000000e+000
3.000000002178424e-003	0.000000e+000
3.000000002279144e-003	0.000000e+000
3.000000002454839e-003	0.000000e+000
3.000000002692816e-003	0.000000e+000
3.000000003097818e-003	0.000000e+000
3.000000003667399e-003	0.000000e+000
3.000000004621642e-003	0.000000e+000
3.000000005968156e-003	0.000000e+000
3.000000008175435e-003	0.000000e+000
3.000000011315962e-003	0.000000e+000
3.000000016377124e-003	0.000000e+000
3.000000023595557e-003	0.000000e+000
3.000000035011401e-003	0.000000e+000
3.000000051264014e-003	0.000000e+000
3.000000076395679e-003	0.000000e+000
3.000000111612279e-003	0.000000e+000
3.000000163436831e-003	0.000000e+000
3.000000231765100e-003	0.000000e+000
3.000000328060530e-003	0.000000e+000
3.000000448034876e-003	0.000000e+000
3.000000592414855e-003	0.000000e+000
3.000000777737404e-003	0.000000e+000
3.000001050283851e-003	0.000000e+000
3.000001494534068e-003	0.000000e+000
3.000002246548157e-003	0.000000e+000
3.000003614591519e-003	0.000000e+000
3.000006350678241e-003	0.000000e+000
3.000011730934872e-003	0.000000e+000
3.000017696958907e-003	0.000000e+000
3.000027552999805e-003	0.000000e+000
3.000041754186720e-003	0.000000e+000
3.000070156560550e-003	0.000000e+000
3.000077257154007e-003	0.000000e+000
3.000091458340922e-003	0.000000e+000
3.000119860714752e-003	0.000000e+000
3.000126961308209e-003	0.000000e+000
3.000141162495124e-003	0.000000e+000
3.000169564868953e-003	0.000000e+000
3.000226369616612e-003	0.000000e+000
3.000288871943973e-003	0.000000e+000
3.000413876598696e-003	0.000000e+000
3.000637135551534e-003	0.000000e+000
3.000951369582540e-003	0.000000e+000
3.001944462993034e-003	0.000000e+000
3.004035501880080e-003	0.000000e+000
3.012007610943637e-003	0.000000e+000
3.029918194128339e-003	0.000000e+000
3.053798971707941e-003	0.000000e+000
3.101560526867146e-003	0.000000e+000
3.209583637185555e-003	0.000000e+000
3.234583637185555e-003	0.000000e+000
3.284583637185555e-003	0.000000e+000
3.291379514564395e-003	0.000000e+000
3.392611012483767e-003	0.000000e+000
3.493842510403140e-003	0.000000e+000
3.595074008322512e-003	0.000000e+000
3.696305506241884e-003	0.000000e+000
3.797537004161256e-003	0.000000e+000
3.898768502080628e-003	0.000000e+000
4.000000000000000e-003	0.000000e+000
4.000000000100000e-003	5.000000e-001
4.000000000300000e-003	1.499996e+000
4.000000000302775e-003	1.513874e+000
4.000000000308326e-003	1.541634e+000
4.000000000319428e-003	1.597137e+000
4.000000000341631e-003	1.708153e+000
4.000000000385085e-003	1.925426e+000
4.000000000422651e-003	2.113255e+000
4.000000000444117e-003	2.220585e+000
4.000000000497783e-003	2.488913e+000
4.000000000551448e-003	2.757239e+000
4.000000000605113e-003	3.025566e+000
4.000000000658779e-003	3.293893e+000
4.000000000712445e-003	3.562224e+000
4.000000000766110e-003	3.830551e+000
4.000000000819776e-003	4.098878e+000
4.000000000873441e-003	4.367203e+000
4.000000000937840e-003	4.689201e+000
4.000000001000001e-003	5.000000e+000
4.000000001001504e-003	5.000000e+000
4.000000001004509e-003	5.000000e+000
4.000000001010520e-003	5.000000e+000
4.000000001022542e-003	5.000000e+000
4.000000001035739e-003	5.000000e+000
4.000000001060857e-003	5.000000e+000
4.000000001091715e-003	5.000000e+000
4.000000001149295e-003	5.000000e+000
4.000000001221814e-003	5.000000e+000
4.000000001352018e-003	5.000000e+000
4.000000001522369e-003	5.000000e+000
4.000000001822059e-003	5.000000e+000
4.000000002225718e-003	5.000000e+000
4.000000002921908e-003	5.000000e+000
4.000000003883674e-003	5.000000e+000
4.000000005508013e-003	5.000000e+000
4.000000007786211e-003	5.000000e+000
4.000000011578276e-003	5.000000e+000
4.000000016994749e-003	5.000000e+000
4.000000025901092e-003	5.000000e+000
4.000000038676962e-003	5.000000e+000
4.000000059229496e-003	5.000000e+000
4.000000088841059e-003	5.000000e+000
4.000000135809156e-003	5.000000e+000
4.000000203479279e-003	5.000000e+000
4.000000308730010e-003	5.000000e+000
4.000000458660638e-003	5.000000e+000
4.000000721568591e-003	5.000000e+000
4.000001122842467e-003	5.000000e+000
4.000001842532524e-003	5.000000e+000
4.000003076082006e-003	5.000000e+000
4.000004786183232e-003	5.000000e+000
4.000006898010266e-003	5.000000e+000
4.000010023544262e-003	5.000000e+000
4.000015445347035e-003	5.000000e+000
4.000026288952583e-003	5.000000e+000
4.000047976163676e-003	5.000000e+000
4.000091350585865e-003	5.000000e+000
4.000696450282699e-003	5.000000e+000
4.002765569264935e-003	5.000000e+000
4.005524394574582e-003	5.000000e+000
4.005609300011829e-003	5.000000e+000
4.005779110886323e-003	5.000000e+000
4.006797976133285e-003	5.000000e+000
4.008156463129234e-003	5.000000e+000
4.014339623309700e-003	5.000000e+000
4.038419108628234e-003	5.000000e+000
4.070525089052945e-003	5.000000e+000
4.134737049902367e-003	5.000000e+000
4.234737049902368e-003	5.000000e+000
4.238276964122220e-003	5.000000e+000
4.245356792561923e-003	5.000000e+000
4.259516449441329e-003	5.000000e+000
4.269093651290939e-003	5.000000e+000
4.283042039247496e-003	5.000000e+000
4.302930327244848e-003	5.000000e+000
4.330651320544682e-003	5.000000e+000
4.386093307144351e-003	5.000000e+000
4.686093307144351e-003	5.000000e+000
4.786093307144352e-003	5.000000e+000
4.886093307144352e-003	5.000000e+000
4.927813388711297e-003	5.000000e+000
4.966880327267781e-003	5.000000e+000
5.000000001000000e-003	5.000000e+000
5.000000001100000e-003	4.500004e+000
5.000000001104236e-003	4.478821e+000
5.000000001112708e-003	4.436459e+000
5.000000001129653e-003	4.351734e+000
5.000000001163543e-003	4.182289e+000
5.000000001194853e-003	4.025738e+000
5.000000001224427e-003	3.877865e+000
5.000000001260470e-003	3.697651e+000
5.000000001298904e-003	3.505482e+000
5.000000001305544e-003	3.472279e+000
5.000000001318825e-003	3.405872e+000
5.000000001345387e-003	3.273064e+000
5.000000001352028e-003	3.239861e+000
5.000000001365309e-003	3.173454e+000
5.000000001391871e-003	3.040646e+000
5.000000001444995e-003	2.775024e+000
5.000000001484838e-003	2.575809e+000
5.000000001537963e-003	2.310188e+000
5.000000001644212e-003	1.778942e+000
5.000000001670774e-003	1.646130e+000
5.000000001723898e-003	1.380512e+000
5.000000001830147e-003	8.492661e-001
5.000000002000000e-003	0.000000e+000
5.000000002011686e-003	0.000000e+000
5.000000002035058e-003	0.000000e+000
5.000000002081801e-003	0.000000e+000
5.000000002135010e-003	0.000000e+000
5.000000002192604e-003	0.000000e+000
5.000000002307791e-003	0.000000e+000
5.000000002496083e-003	0.000000e+000
5.000000002795289e-003	0.000000e+000
5.000000003222082e-003	0.000000e+000
5.000000003911670e-003	0.000000e+000
5.000000004946706e-003	0.000000e+000
5.000000006598850e-003	0.000000e+000
5.000000009044701e-003	0.000000e+000
5.000000012895991e-003	0.000000e+000
5.000000018612134e-003	0.000000e+000
5.000000027513226e-003	0.000000e+000
5.000000040651789e-003	0.000000e+000
5.000000060803451e-003	0.000000e+000
5.000000090166988e-003	0.000000e+000
5.000000133806835e-003	0.000000e+000
5.000000194185180e-003	0.000000e+000
5.000000278724616e-003	0.000000e+000
5.000000390349258e-003	0.000000e+000
5.000000531870573e-003	0.000000e+000
5.000000707551095e-003	0.000000e+000
5.000000953918667e-003	0.000000e+000
5.000001350682527e-003	0.000000e+000
5.000002029424517e-003	0.000000e+000
5.000003271955924e-003	0.000000e+000
5.000005744864877e-003	0.000000e+000
5.000010690682784e-003	0.000000e+000
5.000019300810747e-003	0.000000e+000
5.000031102106747e-003	0.000000e+000
5.000052284003503e-003	0.000000e+000
5.000094647797014e-003	0.000000e+000
5.000105238745392e-003	0.000000e+000
5.000126420642148e-003	0.000000e+000
5.000131716116337e-003	0.000000e+000
5.000142307064715e-003	0.000000e+000
5.000163488961470e-003	0.000000e+000
5.000205852754982e-003	0.000000e+000
5.000290580342005e-003	0.000000e+000
5.000460035516050e-003	0.000000e+000
5.000725928042138e-003	0.000000e+000
5.001106977823194e-003	0.000000e+000
5.001673326252815e-003	0.000000e+000
5.002536302042562e-003	0.000000e+000
5.005781575442190e-003	0.000000e+000
5.012896872589201e-003	0.000000e+000
5.031554191330950e-003	0.000000e+000
5.055702435019627e-003	0.000000e+000
5.103998922396979e-003	0.000000e+000
5.213091897151686e-003	0.000000e+000
5.238091897151686e-003	0.000000e+000
5.280663931296197e-003	0.000000e+000
5.287665513852373e-003	0.000000e+000
5.351224347071621e-003	0.000000e+000
6.000000000000000e-003	0.000000e+000
6.000000000100000e-003	5.000000e-001
6.000000000300000e-003	1.499996e+000
6.000000000302775e-003	1.513878e+000
6.000000000308327e-003	1.541637e+000
6.000000000319431e-003	1.597157e+000
6.000000000341638e-003	1.708191e+000
6.000000000385151e-003	1.925755e+000
6.000000000422744e-003	2.113720e+000
6.000000000444226e-003	2.221130e+000
6.000000000497930e-003	2.489651e+000
6.000000000551634e-003	2.758168e+000
6.000000000605338e-003	3.026690e+000
6.000000000659042e-003	3.295208e+000
6.000000000712746e-003	3.563729e+000
6.000000000766450e-003	3.832247e+000
6.000000000820154e-003	4.100768e+000
6.000000000873858e-003	4.369286e+000
6.000000000938303e-003	4.691513e+000
6.000000001000001e-003	5.000000e+000
6.000000001004226e-003	5.000000e+000
6.000000001012679e-003	5.000000e+000
6.000000001029583e-003	5.000000e+000
6.000000001051375e-003	5.000000e+000
6.000000001076752e-003	5.000000e+000
6.000000001121846e-003	5.000000e+000
6.000000001190079e-003	5.000000e+000
6.000000001300122e-003	5.000000e+000
6.000000001455539e-003	5.000000e+000
6.000000001705703e-003	5.000000e+000
6.000000002072196e-003	5.000000e+000
6.000000002659049e-003	5.000000e+000
6.000000003520140e-003	5.000000e+000
6.000000004890202e-003	5.000000e+000
6.000000006919038e-003	5.000000e+000
6.000000010134688e-003	5.000000e+000
6.000000014928389e-003	5.000000e+000
6.000000022492838e-003	5.000000e+000
6.000000033848064e-003	5.000000e+000
6.000000051702304e-003	5.000000e+000
6.000000078611585e-003	5.000000e+000
6.000000120480182e-003	5.000000e+000
6.000000182844226e-003	5.000000e+000
6.000000278610625e-003	5.000000e+000
6.000000437674366e-003	5.000000e+000
6.000000733377517e-003	5.000000e+000
6.000001216283837e-003	5.000000e+000
6.000002146239390e-003	5.000000e+000
6.000003860214287e-003	5.000000e+000
6.000005965033231e-003	5.000000e+000
6.000009015538780e-003	5.000000e+000
6.000013733268236e-003	5.000000e+000
6.000023168727149e-003	5.000000e+000
6.000042039644974e-003	5.000000e+000
6.000079781480623e-003	5.000000e+000
6.000604854057281e-003	5.000000e+000
6.002396583433853e-003	5.000000e+000
6.004785555935950e-003	5.000000e+000
6.005382799061474e-003	5.000000e+000
6.005532109842855e-003	5.000000e+000
6.006427974531142e-003	5.000000e+000
6.007622460782190e-003	5.000000e+000
6.012830642524706e-003	5.000000e+000
6.032035901576659e-003	5.000000e+000
6.057642913645929e-003	5.000000e+000
6.108856937784469e-003	5.000000e+000
6.208856937784469e-003	5.000000e+000
6.219203888217328e-003	5.000000e+000
6.239897789083046e-003	5.000000e+000
6.240420144306348e-003	5.000000e+000
6.241464854752952e-003	5.000000e+000
6.243554275646161e-003	5.000000e+000
6.247733117432578e-003	5.000000e+000
6.251782684801911e-003	5.000000e+000
6.256932214111725e-003	5.000000e+000
6.262318233541607e-003	5.000000e+000
7.000000001000000e-003	5.000000e+000
7.000000001100000e-003	4.500000e+000
7.000000001104796e-003	4.476021e+000
7.000000001114389e-003	4.428055e+000
7.000000001133575e-003	4.332123e+000
7.000000001146846e-003	4.265770e+000
7.000000001158674e-003	4.206627e+000
7.000000001175912e-003	4.120438e+000
7.000000001189680e-003	4.051598e+000
7.000000001205237e-003	3.973816e+000
7.000000001221056e-003	3.894722e+000
7.000000001252692e-003	3.736542e+000
7.000000001260601e-003	3.696991e+000
7.000000001276419e-003	3.617905e+000
7.000000001300920e-003	3.495407e+000
7.000000001327707e-003	3.361465e+000
7.000000001334404e-003	3.327980e+000
7.000000001347798e-003	3.261009e+000
7.000000001374586e-003	3.127075e+000
7.000000001428161e-003	2.859200e+000
7.000000001441555e-003	2.792229e+000
7.000000001468342e-003	2.658287e+000
7.000000001521917e-003	2.390419e+000
7.000000001629067e-003	1.854668e+000
7.000000001655854e-003	1.720726e+000
7.000000001709430e-003	1.452850e+000
7.000000001816579e-003	9.171066e-001
7.000000002000000e-003	0.000000e+000
7.000000002013597e-003	0.000000e+000
7.000000002040790e-003	0.000000e+000
7.000000002095176e-003	0.000000e+000
7.000000002155956e-003	0.000000e+000
7.000000002220445e-003	0.000000e+000
7.000000002349425e-003	0.000000e+000
7.000000002572187e-003	0.000000e+000
7.000000002917425e-003	0.000000e+000
7.000000003422016e-003	0.000000e+000
7.000000004222512e-003	0.000000e+000
7.000000005459911e-003	0.000000e+000
7.000000007407051e-003	0.000000e+000
7.000000010357272e-003	0.000000e+000
7.000000014949263e-003	0.000000e+000
7.000000021908765e-003	0.000000e+000
7.000000032654958e-003	0.000000e+000
7.000000048804409e-003	0.000000e+000
7.000000073372538e-003	0.000000e+000
7.000000109656302e-003	0.000000e+000
7.000000162703271e-003	0.000000e+000
7.000000236405055e-003	0.000000e+000
7.000000339672908e-003	0.000000e+000
7.000000468974905e-003	0.000000e+000
7.000000626114862e-003	0.000000e+000
7.000000834389760e-003	0.000000e+000
7.000001152610258e-003	0.000000e+000
7.000001690007470e-003	0.000000e+000
7.000002636532601e-003	0.000000e+000
7.000004442853905e-003	0.000000e+000
7.000008055496514e-003	0.000000e+000
7.000015280781731e-003	0.000000e+000
7.000029641907252e-003	0.000000e+000
7.000051159136379e-003	0.000000e+000
7.000094193594633e-003	0.000000e+000
7.000104952209196e-003	0.000000e+000
7.000126469438323e-003	0.000000e+000
7.000131848745605e-003	0.000000e+000
7.000142607360168e-003	0.000000e+000
7.000164124589295e-003	0.000000e+000
7.000207159047549e-003	0.000000e+000
7.000293227964058e-003	0.000000e+000
7.000465365797074e-003	0.000000e+000
7.000729311736318e-003	0.000000e+000
7.001111532440856e-003	0.000000e+000
7.001673484397506e-003	0.000000e+000
7.002536295360150e-003	0.000000e+000
7.005751914866633e-003	0.000000e+000
7.013048520631924e-003	0.000000e+000
7.034423503604885e-003	0.000000e+000
7.062695180764514e-003	0.000000e+000
7.119238535083772e-003	0.000000e+000
7.231738535083773e-003	0.000000e+000
7.262988535083773e-003	0.000000e+000
7.275488535083773e-003	0.000000e+000
7.291933441995754e-003	0.000000e+000
7.393085807424932e-003	0.000000e+000
7.494238172854110e-003	0.000000e+000
7.595390538283288e-003	0.000000e+000
7.696542903712466e-003	0.000000e+000
7.797695269141644e-003	0.000000e+000
7.898847634570822e-003	0.000000e+000
8.000000000000000e-003	0.000000e+000
8.000000000100000e-003	5.000000e-001
8.000000000300000e-003	1.500000e+000
8.000000000302775e-003	1.513878e+000
8.000000000308328e-003	1.541641e+000
8.000000000319434e-003	1.597168e+000
8.000000000341645e-003	1.708221e+000
8.000000000385204e-003	1.926018e+000
8.000000000422851e-003	2.114258e+000
8.000000000444364e-003	2.221817e+000
8.000000000498145e-003	2.490726e+000
8.000000000554999e-003	2.774995e+000
8.000000000611855e-003	3.059272e+000
8.000000000668708e-003	3.343541e+000
8.000000000725564e-003	3.627818e+000
8.000000000782418e-003	3.912087e+000
8.000000000839273e-003	4.196364e+000
8.000000000896127e-003	4.480629e+000
8.000000000939152e-003	4.695755e+000
8.000000001000001e-003	5.000000e+000
8.000000001004173e-003	5.000000e+000
8.000000001012517e-003	5.000000e+000
8.000000001029205e-003	5.000000e+000
8.000000001050889e-003	5.000000e+000
8.000000001076073e-003	5.000000e+000
8.000000001120850e-003	5.000000e+000
8.000000001188416e-003	5.000000e+000
8.000000001297686e-003	5.000000e+000
8.000000001451724e-003	5.000000e+000
8.000000001700106e-003	5.000000e+000
8.000000002063329e-003	5.000000e+000
8.000000002645885e-003	5.000000e+000
8.000000003499460e-003	5.000000e+000
8.000000004859349e-003	5.000000e+000
8.000000006870662e-003	5.000000e+000
8.000000010062061e-003	5.000000e+000
8.000000014814797e-003	5.000000e+000
8.000000022321541e-003	5.000000e+000
8.000000033580597e-003	5.000000e+000
8.000000051297439e-003	5.000000e+000
8.000000077980879e-003	5.000000e+000
8.000000119815044e-003	5.000000e+000
8.000000182954522e-003	5.000000e+000
8.000000281473893e-003	5.000000e+000
8.000000440061845e-003	5.000000e+000
8.000000736639484e-003	5.000000e+000
8.000001219055142e-003	5.000000e+000
8.000002154904668e-003	5.000000e+000
8.000003870050412e-003	5.000000e+000
8.000006383379263e-003	5.000000e+000
8.000009783811700e-003	5.000000e+000
8.000015621073473e-003	5.000000e+000
8.000027295597021e-003	5.000000e+000
8.000050644644116e-003	5.000000e+000
8.000097342738306e-003	5.000000e+000
8.000747029903046e-003	5.000000e+000
8.001487119176535e-003	5.000000e+000
8.002967297723512e-003	5.000000e+000
8.003337342360256e-003	5.000000e+000
8.004077431633744e-003	5.000000e+000
8.005557610180722e-003	5.000000e+000
8.005889096530118e-003	5.000000e+000
8.006552069228909e-003	5.000000e+000
8.007878014626492e-003	5.000000e+000
8.013355692283442e-003	5.000000e+000
8.034034109694088e-003	5.000000e+000
8.061605332908280e-003	5.000000e+000
8.116747779336665e-003	5.000000e+000
8.216747779336665e-003	5.000000e+000
8.226951020281531e-003	5.000000e+000
8.247357502171267e-003	5.000000e+000
8.248084225712493e-003	5.000000e+000
8.249537672794944e-003	5.000000e+000
8.252444566959848e-003	5.000000e+000
8.257275923671203e-003	5.000000e+000
8.262464515128198e-003	5.000000e+000
8.270584758607645e-003	5.000000e+000
9.000000001000000e-003	5.000000e+000
9.000000001100000e-003	4.500000e+000
9.000000001105015e-003	4.474922e+000
9.000000001115045e-003	4.424774e+000
9.000000001135107e-003	4.324463e+000
9.000000001158871e-003	4.205650e+000
9.000000001190337e-003	4.048317e+000
9.000000001223151e-003	3.884247e+000
9.000000001255139e-003	3.724304e+000
9.000000001301921e-003	3.490395e+000
9.000000001308375e-003	3.458138e+000
9.000000001321279e-003	3.393608e+000
9.000000001347090e-003	3.264549e+000
9.000000001353543e-003	3.232292e+000
9.000000001366448e-003	3.167763e+000
9.000000001392259e-003	3.038704e+000
9.000000001456785e-003	2.716080e+000
9.000000001482596e-003	2.587021e+000
9.000000001534218e-003	2.328911e+000
9.000000001637460e-003	1.812698e+000
9.000000001663271e-003	1.683647e+000
9.000000001714893e-003	1.425529e+000
9.000000001818135e-003	9.093246e-001
9.000000002000000e-003	0.000000e+000
9.000000002014468e-003	0.000000e+000
9.000000002043405e-003	0.000000e+000
9.000000002101277e-003	0.000000e+000
9.000000002166202e-003	0.000000e+000
9.000000002234667e-003	0.000000e+000
9.000000002371595e-003	0.000000e+000
9.000000002614595e-003	0.000000e+000
9.000000002988352e-003	0.000000e+000
9.000000003542157e-003	0.000000e+000
9.000000004416277e-003	0.000000e+000
9.000000005789493e-003	0.000000e+000
9.000000007943428e-003	0.000000e+000
9.000000011250928e-003	0.000000e+000
9.000000016388976e-003	0.000000e+000
9.000000024274271e-003	0.000000e+000
9.000000036442272e-003	0.000000e+000
9.000000054937262e-003	0.000000e+000
9.000000083059427e-003	0.000000e+000
9.000000124890379e-003	0.000000e+000
9.000000185606065e-003	0.000000e+000
9.000000270556108e-003	0.000000e+000
9.000000389461763e-003	0.000000e+000
9.000000530293813e-003	0.000000e+000
9.000000701534432e-003	0.000000e+000
9.000000943129609e-003	0.000000e+000
9.000001332359245e-003	0.000000e+000
9.000002003171637e-003	0.000000e+000
9.000003213795347e-003	0.000000e+000
9.000005619299678e-003	0.000000e+000
9.000010430308339e-003	0.000000e+000
9.000020052325659e-003	0.000000e+000
9.000039296360301e-003	0.000000e+000
9.000073548284989e-003	0.000000e+000
9.000082111266163e-003	0.000000e+000
9.000099237228507e-003	0.000000e+000
9.000103518719093e-003	0.000000e+000
9.000112081700266e-003	0.000000e+000
9.000129207662610e-003	0.000000e+000
9.000163459587299e-003	0.000000e+000
9.000231963436677e-003	0.000000e+000
9.000331768478599e-003	0.000000e+000
9.000531378562444e-003	0.000000e+000
9.000799225615112e-003	0.000000e+000
9.001245922769366e-003	0.000000e+000
9.001838864590774e-003	0.000000e+000
9.004176201614571e-003	0.000000e+000
9.009388812500017e-003	0.000000e+000
9.022345653550990e-003	0.000000e+000
9.038145560001775e-003	0.000000e+000
9.069745372903344e-003	0.000000e+000
9.132944998706481e-003	0.000000e+000
9.245444998706481e-003	0.000000e+000
9.270444998706481e-003	0.000000e+000
9.276694998706481e-003	0.000000e+000
9.289194998706481e-003	0.000000e+000
9.368450794288927e-003	0.000000e+000
9.447706589871371e-003	0.000000e+000
9.526962385453816e-003	0.000000e+000
9.606218181036260e-003	0.000000e+000
9.685473976618706e-003	0.000000e+000
9.764729772201150e-003	0.000000e+000
9.843985567783596e-003	0.000000e+000
9.900000000000001e-003	0.000000e+000
1.000000000000000e-002	0.000000e+000
